{
  "w": 800,
  "h": 800,
  "fl_x": 1111.111083984375,
  "fl_y": 1111.111083984375,
  "cx": 400,
  "cy": 400,
  "frames": [
    {
      "file_path": "rgb/1",
      "transform_matrix": [
        [
          -0.9781925858113836,
          -0.06995637664793819,
          0.19556423607073725,
          0.44001953115915876
        ],
        [
          -1.3667908034586713e-17,
          0.9415709802263933,
          0.3368146214099217,
          0.7578328981723237
        ],
        [
          -0.20769993997023506,
          0.32946956545605344,
          -0.9210377518726147,
          -2.072334941713383
        ],
        [
          0.0,
          0.0,
          0.0,
          1.0
        ]
      ]
    },
    {
      "file_path": "rgb/6",
      "transform_matrix": [
        [
          -0.9368335579354147,
          0.12694201406150973,
          -0.32592730752742893,
          -0.7333364419367151
        ],
        [
          -6.464990197564133e-18,
          0.9318186333971625,
          0.36292428198433413,
          0.8165796344647518
        ],
        [
          0.3497754775939442,
          0.3399996463525395,
          -0.8729589656759796,
          -1.9641576727709542
        ],
        [
          0.0,
          0.0,
          0.0,
          1.0
        ]
      ]
    },
    {
      "file_path": "rgb/8",
      "transform_matrix": [
        [
          0.266532848842144,
          0.3598618653404021,
          -0.8941250910033881,
          -2.011781454757623
        ],
        [
          7.944822319222404e-18,
          0.927683258118118,
          0.37336814621409914,
          0.8400783289817231
        ],
        [
          0.9638258351424756,
          -0.09951487567735404,
          0.2472580616093841,
          0.5563306386211143
        ],
        [
          0.0,
          0.0,
          0.0,
          1.0
        ]
      ]
    },
    {
      "file_path": "rgb/9",
      "transform_matrix": [
        [
          -0.847588024719048,
          -0.20090065071260518,
          0.4911552391007496,
          1.1050992879766866
        ],
        [
          1.6636819084743028e-17,
          0.9255644508033223,
          0.3785900783289818,
          0.8518276762402089
        ],
        [
          -0.5306548222270884,
          0.3208884166690912,
          -0.7844973446065582,
          -1.765119025364756
        ],
        [
          0.0,
          0.0,
          0.0,
          1.0
        ]
      ]
    },
    {
      "file_path": "rgb/10",
      "transform_matrix": [
        [
          0.9834372128771803,
          -0.0695655942498175,
          0.16736748915196578,
          0.3765768505919231
        ],
        [
          3.723073153028946e-18,
          0.9234112521726379,
          0.3838120104438642,
          0.8635770234986945
        ],
        [
          -0.18124913331755169,
          -0.3774550138197011,
          0.9081169881760861,
          2.043263223396194
        ],
        [
          0.0,
          0.0,
          0.0,
          1.0
        ]
      ]
    },
    {
      "file_path": "rgb/12",
      "transform_matrix": [
        [
          -0.09457742674333187,
          -0.3924886261894606,
          0.9148812975804672,
          2.058482919556051
        ],
        [
          -4.357044182410193e-18,
          0.9190007101658472,
          0.3942558746736293,
          0.887075718015666
        ],
        [
          -0.995517508811678,
          0.03728770610507342,
          -0.08691672234278042,
          -0.19556262527125595
        ],
        [
          0.0,
          0.0,
          0.0,
          1.0
        ]
      ]
    },
    {
      "file_path": "rgb/13",
      "transform_matrix": [
        [
          0.7422008660189487,
          0.267721035765128,
          -0.6143804370986835,
          -1.3823559834720378
        ],
        [
          -5.629409752172332e-17,
          0.9167428657390471,
          0.39947780678851175,
          0.8988250652741514
        ],
        [
          0.6701774947584574,
          -0.2964927741537838,
          0.6804073488682135,
          1.5309165349534803
        ],
        [
          0.0,
          0.0,
          0.0,
          1.0
        ]
      ]
    },
    {
      "file_path": "rgb/15",
      "transform_matrix": [
        [
          0.7324988611150094,
          -0.2790616611021921,
          0.6209428377621401,
          1.3971213849648152
        ],
        [
          8.236658500414082e-18,
          0.9121207286481234,
          0.40992167101827676,
          0.9223237597911227
        ],
        [
          -0.6807682560645834,
          -0.3002671571672493,
          0.668127394934143,
          1.5032866386018218
        ],
        [
          0.0,
          0.0,
          0.0,
          1.0
        ]
      ]
    },
    {
      "file_path": "rgb/16",
      "transform_matrix": [
        [
          -0.08026951380107501,
          0.4138040162793494,
          -0.9068202916042509,
          -2.040345656109565
        ],
        [
          1.231467013825698e-18,
          0.9097558951595852,
          0.41514360313315934,
          0.9340731070496086
        ],
        [
          0.9967731964464831,
          0.03332337518112514,
          -0.07302566338212166,
          -0.16430774260977374
        ],
        [
          0.0,
          0.0,
          0.0,
          1.0
        ]
      ]
    },
    {
      "file_path": "rgb/17",
      "transform_matrix": [
        [
          -0.6141223784444045,
          -0.33175702501472604,
          0.7160942540246823,
          1.611212071555535
        ],
        [
          8.203814770916341e-18,
          0.9073548461189963,
          0.42036553524804177,
          0.945822454308094
        ],
        [
          -0.7892108110598761,
          0.2581558823225826,
          -0.5572269161916545,
          -1.2537605614312228
        ],
        [
          0.0,
          0.0,
          0.0,
          1.0
        ]
      ]
    },
    {
      "file_path": "rgb/18",
      "transform_matrix": [
        [
          0.9859389721935474,
          0.07111812747534194,
          -0.1512169139161758,
          -0.34023805631139553
        ],
        [
          -5.954266355105745e-18,
          0.9049172932503897,
          0.42558746736292435,
          0.9575718015665796
        ],
        [
          0.16710578419052738,
          -0.4196032701502565,
          0.8921932260274562,
          2.0074347585617764
        ],
        [
          0.0,
          0.0,
          0.0,
          1.0
        ]
      ]
    },
    {
      "file_path": "rgb/20",
      "transform_matrix": [
        [
          0.2526623721423722,
          -0.42188408045592873,
          0.8707327651818582,
          1.9591487216591807
        ],
        [
          -5.088572410563264e-18,
          0.8999314850973413,
          0.4360313315926894,
          0.9810704960835512
        ],
        [
          -0.96755450787198,
          -0.11016871056860618,
          0.22737882379030208,
          0.5116023535281797
        ],
        [
          0.0,
          0.0,
          0.0,
          1.0
        ]
      ]
    },
    {
      "file_path": "rgb/21",
      "transform_matrix": [
        [
          0.4672683093572591,
          0.390118877252067,
          -0.7933899348252381,
          -1.7851273533567857
        ],
        [
          1.8978797381787653e-17,
          0.8973826147566133,
          0.4412532637075719,
          0.9928198433420368
        ],
        [
          0.8841155620564595,
          -0.20618366653100995,
          0.41931845724391914,
          0.9434665287988181
        ],
        [
          0.0,
          0.0,
          0.0,
          1.0
        ]
      ]
    },
    {
      "file_path": "rgb/22",
      "transform_matrix": [
        [
          -0.9417605902070177,
          -0.15014250596088521,
          0.300905664015677,
          0.6770377440352732
        ],
        [
          -8.530862361570849e-18,
          0.8947960100018894,
          0.4464751958224541,
          1.0045691906005219
        ],
        [
          -0.336284092298357,
          0.4204727439305482,
          -0.8426836184942638,
          -1.8960381416120935
        ],
        [
          0.0,
          0.0,
          0.0,
          1.0
        ]
      ]
    },
    {
      "file_path": "rgb/23",
      "transform_matrix": [
        [
          0.9215815902814206,
          -0.17534192058070788,
          0.3463272777900067,
          0.7792363750275151
        ],
        [
          1.485191180483465e-17,
          0.8921713426316502,
          0.4516971279373368,
          1.0163185378590078
        ],
        [
          -0.3881847143491971,
          -0.4162757574900412,
          0.8222086847459862,
          1.8499695406784689
        ],
        [
          0.0,
          0.0,
          0.0,
          1.0
        ]
      ]
    },
    {
      "file_path": "rgb/24",
      "transform_matrix": [
        [
          -0.4173305763599015,
          0.4152273647770284,
          -0.8083448679712373,
          -1.8187759529352838
        ],
        [
          -1.87639169069743e-17,
          0.8895082757124841,
          0.4569190600522193,
          1.0280678851174934
        ],
        [
          0.9087547469120106,
          0.19068629468141712,
          -0.3712190013799931,
          -0.8352427531049844
        ],
        [
          0.0,
          0.0,
          0.0,
          1.0
        ]
      ]
    },
    {
      "file_path": "rgb/25",
      "transform_matrix": [
        [
          -0.3061284325248493,
          -0.4399537057324086,
          0.8442310818799557,
          1.8995199342299003
        ],
        [
          8.980296565837807e-18,
          0.8868064633045967,
          0.4621409921671018,
          1.0398172323759791
        ],
        [
          -0.9519902220085452,
          0.14147449753759356,
          -0.2714766725643414,
          -0.6108225132697681
        ],
        [
          0.0,
          0.0,
          0.0,
          1.0
        ]
      ]
    },
    {
      "file_path": "rgb/26",
      "transform_matrix": [
        [
          0.8687897340373566,
          0.2314293229208807,
          -0.4377726196596612,
          -0.9849883942342377
        ],
        [
          -7.511062904212883e-17,
          0.8840655501752075,
          0.46736292428198417,
          1.0515665796344644
        ],
        [
          0.49518117697596264,
          -0.4060401106858662,
          0.7680670742083076,
          1.728150916968692
        ],
        [
          0.0,
          0.0,
          0.0,
          1.0
        ]
      ]
    },
    {
      "file_path": "rgb/27",
      "transform_matrix": [
        [
          -0.9751085904213531,
          0.10478522140287988,
          -0.19540546118783675,
          -0.4396622876726327
        ],
        [
          -1.0963003453118805e-17,
          0.8812851714991877,
          0.4725848563968669,
          1.0633159268929504
        ],
        [
          0.22172784418399444,
          0.46082155317562645,
          -0.8593487413398134,
          -1.9335346680145802
        ],
        [
          0.0,
          0.0,
          0.0,
          1.0
        ]
      ]
    },
    {
      "file_path": "rgb/28",
      "transform_matrix": [
        [
          0.5692397206095381,
          -0.39283917198573814,
          0.722248935917482,
          1.6250601058143344
        ],
        [
          8.630923632002885e-18,
          0.8784649525462518,
          0.4778067885117494,
          1.0750652741514362
        ],
        [
          -0.8221716003854521,
          -0.2719866027977689,
          0.5000571441526994,
          1.1251285743435737
        ],
        [
          0.0,
          0.0,
          0.0,
          1.0
        ]
      ]
    },
    {
      "file_path": "rgb/32",
      "transform_matrix": [
        [
          -0.7037454821630839,
          0.35429860542657693,
          -0.6158041852146111,
          -1.3855594167328753
        ],
        [
          -9.803010075840374e-17,
          0.8667778139424096,
          0.49869451697127926,
          1.1220626631853783
        ],
        [
          0.7104521773737121,
          0.35095401329803916,
          -0.6099909706011648,
          -1.372479683852621
        ],
        [
          0.0,
          0.0,
          0.0,
          1.0
        ]
      ]
    },
    {
      "file_path": "rgb/34",
      "transform_matrix": [
        [
          0.6462064262246238,
          0.3885554043368872,
          -0.6568424106789981,
          -1.4778954240277458
        ],
        [
          5.0945763458004164e-17,
          0.8606846744237868,
          0.5091383812010443,
          1.1455613577023496
        ],
        [
          0.7631626659539889,
          -0.3290084937697171,
          0.5561799675656992,
          1.2514049270228234
        ],
        [
          0.0,
          0.0,
          0.0,
          1.0
        ]
      ]
    },
    {
      "file_path": "rgb/35",
      "transform_matrix": [
        [
          -0.9920014813069173,
          -0.06492576309916058,
          0.1082483550492717,
          0.24355879886086132
        ],
        [
          -2.1014732210282916e-18,
          0.8575741764334682,
          0.514360313315927,
          1.1573107049608355
        ],
        [
          -0.12622622978161674,
          0.5102461927348897,
          -0.8507148533525605,
          -1.914108420043261
        ],
        [
          0.0,
          0.0,
          0.0,
          1.0
        ]
      ]
    },
    {
      "file_path": "rgb/36",
      "transform_matrix": [
        [
          0.8167356124220337,
          -0.2998052316879072,
          0.4930109151470846,
          1.1092745590809405
        ],
        [
          -1.3470289912115381e-17,
          0.8544204411371945,
          0.5195822454308096,
          1.1690600522193213
        ],
        [
          -0.5770120790777308,
          -0.42436132342554755,
          0.6978356022580908,
          1.5701301050807044
        ],
        [
          0.0,
          0.0,
          0.0,
          1.0
        ]
      ]
    },
    {
      "file_path": "rgb/37",
      "transform_matrix": [
        [
          -0.21246936312959727,
          0.5128217061090264,
          -0.8317876336389779,
          -1.8715221756877003
        ],
        [
          -1.5238147316518315e-17,
          0.8512229879594359,
          0.5248041775456919,
          1.1808093994778068
        ],
        [
          0.9771677285560054,
          0.11150480937088526,
          -0.1808588061330142,
          -0.40693231379928185
        ],
        [
          0.0,
          0.0,
          0.0,
          1.0
        ]
      ]
    },
    {
      "file_path": "rgb/38",
      "transform_matrix": [
        [
          -0.5033990205882544,
          -0.45797121424881926,
          0.7327017080574114,
          1.6485788431291757
        ],
        [
          -5.998680336837632e-18,
          0.8479813223639283,
          0.5300261096605744,
          1.1925587467362926
        ],
        [
          -0.8640540643216639,
          0.2668146244893359,
          -0.4268729671551344,
          -0.9604641760990524
        ],
        [
          0.0,
          0.0,
          0.0,
          1.0
        ]
      ]
    },
    {
      "file_path": "rgb/39",
      "transform_matrix": [
        [
          0.9548509052034531,
          0.159014391146762,
          -0.2509465525572544,
          -0.5646297432538224
        ],
        [
          2.2801578352111903e-17,
          0.8446949353320042,
          0.5352480417754568,
          1.204308093994778
        ],
        [
          0.29708542345956035,
          -0.5110820771976706,
          0.8065577236225365,
          1.8147548781507072
        ],
        [
          0.0,
          0.0,
          0.0,
          1.0
        ]
      ]
    },
    {
      "file_path": "rgb/40",
      "transform_matrix": [
        [
          -0.9047556608154559,
          0.23020290214930073,
          -0.3583626906702577,
          -0.8063160540080798
        ],
        [
          -7.181777623445199e-17,
          0.8413633028145308,
          0.5404699738903395,
          1.2160574412532639
        ],
        [
          0.4259309735419431,
          0.4889932683780662,
          -0.7612282110238355,
          -1.71276347480363
        ],
        [
          0.0,
          0.0,
          0.0,
          1.0
        ]
      ]
    },
    {
      "file_path": "rgb/41",
      "transform_matrix": [
        [
          0.37942642789757913,
          -0.5048861084506847,
          0.7753229026066537,
          1.7444765308649703
        ],
        [
          -1.2448295656037273e-17,
          0.837985885155823,
          0.5456919060052219,
          1.2278067885117494
        ],
        [
          -0.9252219116584318,
          -0.20704993062818292,
          0.31795399103326494,
          0.7153964798248461
        ],
        [
          0.0,
          0.0,
          0.0,
          1.0
        ]
      ]
    },
    {
      "file_path": "rgb/42",
      "transform_matrix": [
        [
          0.3452011819112392,
          0.5170484551365169,
          -0.7832605179938694,
          -1.7623361654862066
        ],
        [
          1.2991643024745578e-18,
          0.8345621264877621,
          0.5509138381201044,
          1.2395561357702347
        ],
        [
          0.9385287124041989,
          -0.19017610805031718,
          0.28809183244193265,
          0.6482066229943484
        ],
        [
          0.0,
          0.0,
          0.0,
          1.0
        ]
      ]
    },
    {
      "file_path": "rgb/43",
      "transform_matrix": [
        [
          -0.888507644331991,
          -0.25518946933974973,
          0.38135613368833216,
          0.8580513007987473
        ],
        [
          -1.487887053757619e-18,
          0.8310914540922304,
          0.556135770234987,
          1.2513054830287205
        ],
        [
          -0.45886181576114626,
          0.4941308831402456,
          -0.7384311100999367,
          -1.6614699977248575
        ],
        [
          0.0,
          0.0,
          0.0,
          1.0
        ]
      ]
    },
    {
      "file_path": "rgb/44",
      "transform_matrix": [
        [
          0.965114587818971,
          -0.14697909030330403,
          0.21668174679153496,
          0.4875339302809537
        ],
        [
          5.466498885845514e-17,
          0.8275732777298186,
          0.5613577023498695,
          1.2630548302872062
        ],
        [
          -0.26182786784262996,
          -0.541774507522399,
          0.7987030428262084,
          1.797081846358969
        ],
        [
          0.0,
          0.0,
          0.0,
          1.0
        ]
      ]
    },
    {
      "file_path": "rgb/45",
      "transform_matrix": [
        [
          -0.5347832773422291,
          0.47875370497112246,
          -0.6962770542331035,
          -1.5666233720244829
        ],
        [
          -1.7857168123404307e-17,
          0.8240069889326112,
          0.5665796344647521,
          1.2748041775456922
        ],
        [
          0.8449892580826722,
          0.30299731379442235,
          -0.4406651580942835,
          -0.9914966057121379
        ],
        [
          0.0,
          0.0,
          0.0,
          1.0
        ]
      ]
    },
    {
      "file_path": "rgb/46",
      "transform_matrix": [
        [
          -0.1764494973611814,
          -0.5628298253710583,
          0.8075197598534479,
          1.816919459670258
        ],
        [
          -1.4245383343608798e-17,
          0.8203919602586776,
          0.5718015665796345,
          1.2865535248041777
        ],
        [
          -0.9843096945987003,
          0.10089409901331259,
          -0.144757749026798,
          -0.32570493531029543
        ],
        [
          0.0,
          0.0,
          0.0,
          1.0
        ]
      ]
    },
    {
      "file_path": "rgb/47",
      "transform_matrix": [
        [
          0.7950000131556301,
          0.3500278854223741,
          -0.4954346157761785,
          -1.1147278854964016
        ],
        [
          -1.3150936345161021e-16,
          0.8167275445057175,
          0.577023498694517,
          1.2983028720626633
        ],
        [
          0.6066094122930736,
          -0.45873368905324863,
          0.6492984086266107,
          1.460921419409874
        ],
        [
          0.0,
          0.0,
          0.0,
          1.0
        ]
      ]
    },
    {
      "file_path": "rgb/48",
      "transform_matrix": [
        [
          -0.9959670381844765,
          0.0522389966166354,
          -0.0729434444109148,
          -0.1641227499245583
        ],
        [
          -6.5666559197061246e-18,
          0.8130130738810889,
          0.5822454308093994,
          1.3100522193211486
        ],
        [
          0.0897198910500958,
          0.5798972572196821,
          -0.8097342231986053,
          -1.821902002196862
        ],
        [
          0.0,
          0.0,
          0.0,
          1.0
        ]
      ]
    },
    {
      "file_path": "rgb/50",
      "transform_matrix": [
        [
          0.002303217146351014,
          0.5926877229852602,
          -0.8054290522530985,
          -1.8122153675694712
        ],
        [
          -1.3978784189262455e-19,
          0.8054311885853305,
          0.5926892950391643,
          1.3335509138381199
        ],
        [
          0.9999973475918706,
          -0.0013650921467928986,
          0.0018550829237556105,
          0.004173936578450123
        ],
        [
          0.0,
          0.0,
          0.0,
          1.0
        ]
      ]
    },
    {
      "file_path": "rgb/51",
      "transform_matrix": [
        [
          -0.6771868232287342,
          -0.43994973057808623,
          0.5897984749129518,
          1.3270465685541417
        ],
        [
          3.4902890898450314e-17,
          0.8015623272354693,
          0.5979112271540471,
          1.345300261096606
        ],
        [
          -0.7358111214471923,
          0.4048976044892433,
          -0.5428074460004185,
          -1.2213167535009417
        ],
        [
          0.0,
          0.0,
          0.0,
          1.0
        ]
      ]
    },
    {
      "file_path": "rgb/52",
      "transform_matrix": [
        [
          0.9963697590408571,
          0.0513453860419113,
          -0.06790401019874666,
          -0.15278402294718002
        ],
        [
          -3.847739998663575e-19,
          0.7976405156398966,
          0.6031331592689295,
          1.3570496083550914
        ],
        [
          0.08513109460628586,
          -0.6009436405703341,
          0.7947448883693488,
          1.7881759988310346
        ],
        [
          0.0,
          0.0,
          0.0,
          1.0
        ]
      ]
    },
    {
      "file_path": "rgb/53",
      "transform_matrix": [
        [
          -0.7921972795215427,
          0.3712578697335436,
          -0.4843460173053743,
          -1.089778538937092
        ],
        [
          7.845250555160304e-17,
          0.7936649688548649,
          0.608355091383812,
          1.3687989556135771
        ],
        [
          0.610265082008357,
          0.48193724837733537,
          -0.6287392291783739,
          -1.4146632656513412
        ],
        [
          0.0,
          0.0,
          0.0,
          1.0
        ]
      ]
    },
    {
      "file_path": "rgb/54",
      "transform_matrix": [
        [
          0.17191347939416216,
          -0.6044421208678682,
          0.7778788325461407,
          1.7502273732288165
        ],
        [
          -1.098273995656764e-17,
          0.7896348752648165,
          0.6135770234986944,
          1.3805483028720622
        ],
        [
          -0.9851120523080574,
          -0.10548216098597418,
          0.13574887885774986,
          0.3054349774299372
        ],
        [
          0.0,
          0.0,
          0.0,
          1.0
        ]
      ]
    },
    {
      "file_path": "rgb/55",
      "transform_matrix": [
        [
          0.5386699806667099,
          0.5213485503168436,
          -0.6618386064676585,
          -1.4891368645522312
        ],
        [
          1.2360397176020008e-17,
          0.7855493953479604,
          0.6187989556135771,
          1.3922976501305486
        ],
        [
          0.8425168555753211,
          -0.33332842145694586,
          0.4231518776048314,
          0.9520917246108708
        ],
        [
          0.0,
          0.0,
          0.0,
          1.0
        ]
      ]
    },
    {
      "file_path": "rgb/58",
      "transform_matrix": [
        [
          -0.34087426008020016,
          0.5964659583500146,
          -0.7266588603632206,
          -1.6349824358172464
        ],
        [
          4.528046913741312e-18,
          0.772951795730231,
          0.6344647519582246,
          1.4275456919060052
        ],
        [
          0.9401088973171012,
          0.21627270287072753,
          -0.2634793714472045,
          -0.5928285857562101
        ],
        [
          0.0,
          0.0,
          0.0,
          1.0
        ]
      ]
    },
    {
      "file_path": "rgb/60",
      "transform_matrix": [
        [
          0.9067080795418692,
          0.27199586351907457,
          -0.32233322621474864,
          -0.7252497589831846
        ],
        [
          -3.7042676044419507e-17,
          0.7642596919676533,
          0.6449086161879896,
          1.4510443864229765
        ],
        [
          0.4217587681287674,
          -0.5847438528638165,
          0.6929604375752514,
          1.5591609845443157
        ],
        [
          0.0,
          0.0,
          0.0,
          1.0
        ]
      ]
    },
    {
      "file_path": "rgb/62",
      "transform_matrix": [
        [
          0.4994134820014136,
          -0.5677736425978805,
          0.654384645882189,
          1.4723654532349257
        ],
        [
          4.796309880863591e-18,
          0.75532319334858,
          0.6553524804177546,
          1.4745430809399478
        ],
        [
          -0.8663637653983596,
          -0.32729186418369394,
          0.3772185860266413,
          0.848741818559943
        ],
        [
          0.0,
          0.0,
          0.0,
          1.0
        ]
      ]
    },
    {
      "file_path": "rgb/63",
      "transform_matrix": [
        [
          0.2169683559058673,
          0.6448386300693125,
          -0.732876438225324,
          -1.6489719860069787
        ],
        [
          6.5377493960578274e-18,
          0.7507605780188257,
          0.6605744125326372,
          1.4862924281984335
        ],
        [
          0.9761786376148092,
          -0.14332374424069041,
          0.16289128829168323,
          0.3665053986562872
        ],
        [
          0.0,
          0.0,
          0.0,
          1.0
        ]
      ]
    },
    {
      "file_path": "rgb/64",
      "transform_matrix": [
        [
          -0.8193849083470345,
          -0.3816635788581567,
          0.4277163599236131,
          0.9623618098281296
        ],
        [
          -6.155173451696895e-17,
          0.7461335185166267,
          0.6657963446475195,
          1.4980417754569193
        ],
        [
          -0.5732437282457804,
          0.5455434768367984,
          -0.6113705446843963,
          -1.375583725539892
        ],
        [
          0.0,
          0.0,
          0.0,
          1.0
        ]
      ]
    },
    {
      "file_path": "rgb/65",
      "transform_matrix": [
        [
          0.9914095052584778,
          -0.08776547858830476,
          0.09697635614574293,
          0.21819680132792157
        ],
        [
          6.989516574348473e-18,
          0.7414408083258005,
          0.671018276762402,
          1.5097911227154046
        ],
        [
          -0.1307944680907421,
          -0.6652538977844094,
          0.7350714649607276,
          1.653910796161637
        ],
        [
          0.0,
          0.0,
          0.0,
          1.0
        ]
      ]
    },
    {
      "file_path": "rgb/67",
      "transform_matrix": [
        [
          -0.04361896692876394,
          -0.6808135525428962,
          0.7311568179248474,
          1.645102840330907
        ],
        [
          -5.226841067680193e-19,
          0.7318533667302295,
          0.6814621409921671,
          1.533289817232376
        ],
        [
          -0.9990482399384264,
          0.029724674591142003,
          -0.031922687800110434,
          -0.07182604755024848
        ],
        [
          0.0,
          0.0,
          0.0,
          1.0
        ]
      ]
    },
    {
      "file_path": "rgb/69",
      "transform_matrix": [
        [
          -0.9990363448487963,
          -0.030368145300111532,
          0.03168844303824105,
          0.07129899683604236
        ],
        [
          6.5278735685405145e-18,
          0.721987589877989,
          0.691906005221932,
          1.5567885117493472
        ],
        [
          -0.04389056471676497,
          0.6912392464358513,
          -0.7212918428178983,
          -1.6229066463402713
        ],
        [
          0.0,
          0.0,
          0.0,
          1.0
        ]
      ]
    },
    {
      "file_path": "rgb/70",
      "transform_matrix": [
        [
          0.7663059592364698,
          -0.44788784185834507,
          0.46062094823634314,
          1.036397133531772
        ],
        [
          5.054127569990929e-17,
          0.7169467476629755,
          0.6971279373368148,
          1.5685378590078334
        ],
        [
          -0.6424758180964276,
          -0.5342132927314293,
          0.5494005651893435,
          1.236151271676023
        ],
        [
          0.0,
          0.0,
          0.0,
          1.0
        ]
      ]
    },
    {
      "file_path": "rgb/72",
      "transform_matrix": [
        [
          -0.573020950602388,
          -0.5798839030309515,
          0.5791214459647696,
          1.303023253420732
        ],
        [
          2.3768445820167416e-17,
          0.7066414547900687,
          0.7075718015665796,
          1.5920365535248042
        ],
        [
          -0.819540719043743,
          0.4054534663531258,
          -0.4049203581588595,
          -0.9110708058574338
        ],
        [
          0.0,
          0.0,
          0.0,
          1.0
        ]
      ]
    },
    {
      "file_path": "rgb/74",
      "transform_matrix": [
        [
          -0.8664995030053536,
          0.35841757770990784,
          -0.3474412918466044,
          -0.7817429066548599
        ],
        [
          9.42486191541961e-17,
          0.6960269417709577,
          0.7180156657963446,
          1.6155352480417753
        ],
        [
          0.49917793550143547,
          0.6221602175625908,
          -0.603106999122871,
          -1.35699074802646
        ],
        [
          0.0,
          0.0,
          0.0,
          1.0
        ]
      ]
    },
    {
      "file_path": "rgb/76",
      "transform_matrix": [
        [
          0.42151225656804914,
          0.6605836412038374,
          -0.6212541110824061,
          -1.3978217499354137
        ],
        [
          8.48902121710978e-18,
          0.6850888359286987,
          0.7284595300261096,
          1.6390339425587468
        ],
        [
          0.9068227045916479,
          -0.307054620319806,
          0.28877334118188375,
          0.6497400176592384
        ],
        [
          0.0,
          0.0,
          0.0,
          1.0
        ]
      ]
    },
    {
      "file_path": "rgb/77",
      "transform_matrix": [
        [
          -0.9233599552895647,
          -0.2816862871631853,
          0.2608816371304671,
          0.586983683543551
        ],
        [
          4.108493863833331e-17,
          0.6794935703232635,
          0.7336814621409922,
          1.6507832898172325
        ],
        [
          -0.3839354020765123,
          0.6774520820792891,
          -0.6274171527132354,
          -1.4116885936047796
        ],
        [
          0.0,
          0.0,
          0.0,
          1.0
        ]
      ]
    },
    {
      "file_path": "rgb/78",
      "transform_matrix": [
        [
          0.9402015320204016,
          -0.251684292314433,
          0.22951273644108014,
          0.5164036569924303
        ],
        [
          -2.7259888802930302e-17,
          0.6738113786195269,
          0.7389033942558749,
          1.6625326370757185
        ],
        [
          -0.3406186712241267,
          -0.6947181032944483,
          0.633518490470858,
          1.4254166035594302
        ],
        [
          0.0,
          0.0,
          0.0,
          1.0
        ]
      ]
    },
    {
      "file_path": "rgb/79",
      "transform_matrix": [
        [
          -0.4631907423772671,
          0.6594874826111088,
          -0.5920562443343186,
          -1.332126549752217
        ],
        [
          1.469399228740086e-17,
          0.6680400427022426,
          0.7441253263707573,
          1.674281984334204
        ],
        [
          0.886258616982648,
          0.3446719623433972,
          -0.3094299633169929,
          -0.6962174174632341
        ],
        [
          0.0,
          0.0,
          0.0,
          1.0
        ]
      ]
    },
    {
      "file_path": "rgb/80",
      "transform_matrix": [
        [
          -0.25711665593440775,
          -0.7241544831314404,
          0.6399150801487209,
          1.439808930334622
        ],
        [
          2.4591529231906836e-17,
          0.6621772317137277,
          0.7493472584856398,
          1.6860313315926894
        ],
        [
          -0.9663803729593784,
          0.19266966123544402,
          -0.17025679545413713,
          -0.38307778977180856
        ],
        [
          0.0,
          0.0,
          0.0,
          1.0
        ]
      ]
    },
    {
      "file_path": "rgb/81",
      "transform_matrix": [
        [
          0.8423703826204825,
          0.40663658664405083,
          -0.35363657176018604,
          -0.7956822864604186
        ],
        [
          -5.229745053002282e-17,
          0.656220493886371,
          0.7545691906005223,
          1.6977806788511751
        ],
        [
          0.538899005829313,
          -0.6356267377997898,
          0.5527807085184643,
          1.2437565941665447
        ],
        [
          0.0,
          0.0,
          0.0,
          1.0
        ]
      ]
    },
    {
      "file_path": "rgb/82",
      "transform_matrix": [
        [
          -0.9851587519841595,
          0.13041485047391801,
          -0.11159838782383506,
          -0.2510963726036289
        ],
        [
          3.580407946730432e-18,
          0.6501672475931596,
          0.7597911227154045,
          1.7095300261096602
        ],
        [
          0.1716456623075966,
          0.7485148742229514,
          -0.6405179542198534,
          -1.44116539699467
        ],
        [
          0.0,
          0.0,
          0.0,
          1.0
        ]
      ]
    },
    {
      "file_path": "rgb/83",
      "transform_matrix": [
        [
          0.6104804247387434,
          -0.6059143185416428,
          0.510079885505222,
          1.1476797423867493
        ],
        [
          7.069168929465416e-17,
          0.644014771522542,
          0.765013054830287,
          1.721279373368146
        ],
        [
          -0.7920313447148436,
          -0.46702549464347753,
          0.39315841125710654,
          0.8846064253284897
        ],
        [
          0.0,
          0.0,
          0.0,
          1.0
        ]
      ]
    },
    {
      "file_path": "rgb/84",
      "transform_matrix": [
        [
          0.08486022022737322,
          0.7674566459839747,
          -0.6354597072655275,
          -1.4297843413474371
        ],
        [
          4.206873337449085e-18,
          0.6377601938703719,
          0.7702349869451696,
          1.7330287206266317
        ],
        [
          0.9963928658029231,
          -0.06536231061899504,
          0.05412047050409199,
          0.12177105863420697
        ],
        [
          0.0,
          0.0,
          0.0,
          1.0
        ]
      ]
    },
    {
      "file_path": "rgb/85",
      "transform_matrix": [
        [
          -0.7356269955039749,
          -0.5252843076542115,
          0.4277023727056357,
          0.9623303385876805
        ],
        [
          1.1338330066524911e-17,
          0.6314004804257688,
          0.7754569190600522,
          1.7447780678851177
        ],
        [
          -0.677386834449707,
          0.5704470435109152,
          -0.4644752383753745,
          -1.0450692863445927
        ],
        [
          0.0,
          0.0,
          0.0,
          1.0
        ]
      ]
    },
    {
      "file_path": "rgb/86",
      "transform_matrix": [
        [
          0.9999966844902053,
          0.002010306189668152,
          -0.001609247532442012,
          -0.0036208069479945265
        ],
        [
          4.405511022959776e-19,
          0.6249324214090546,
          0.7806788511749347,
          1.7565274151436032
        ],
        [
          0.0025750744837555258,
          -0.7806762628265571,
          0.6249303494394902,
          1.4060932862388529
        ],
        [
          0.0,
          0.0,
          0.0,
          1.0
        ]
      ]
    },
    {
      "file_path": "rgb/87",
      "transform_matrix": [
        [
          -0.7391058711452221,
          0.5293743387469027,
          -0.41651569083882267,
          -0.937160304387351
        ],
        [
          3.01412617592368e-17,
          0.6183526168978761,
          0.7859007832898172,
          1.768276762402089
        ],
        [
          0.6735892748839327,
          0.5808638830671328,
          -0.45702804958723264,
          -1.0283131115712734
        ],
        [
          0.0,
          0.0,
          0.0,
          1.0
        ]
      ]
    },
    {
      "file_path": "rgb/88",
      "transform_matrix": [
        [
          0.08999064948472116,
          -0.7879128222454534,
          0.6091757279689682,
          1.3706453879301785
        ],
        [
          4.8773700736111594e-18,
          0.6116574606515434,
          0.7911227154046998,
          1.7800261096605745
        ],
        [
          -0.9959426102970586,
          -0.07119364698138515,
          0.055043452146207664,
          0.12384776732896724
        ],
        [
          0.0,
          0.0,
          0.0,
          1.0
        ]
      ]
    },
    {
      "file_path": "rgb/89",
      "transform_matrix": [
        [
          0.606393262649043,
          0.6332253084160382,
          -0.48095001798031123,
          -1.0821375404557
        ],
        [
          -1.431111792539952e-17,
          0.6048431221125955,
          0.7963446475195824,
          1.7917754569190605
        ],
        [
          0.7951648954863691,
          -0.48289802900250167,
          0.3667727942086904,
          0.8252387869695534
        ],
        [
          0.0,
          0.0,
          0.0,
          1.0
        ]
      ]
    },
    {
      "file_path": "rgb/90",
      "transform_matrix": [
        [
          -0.984261688992294,
          -0.1416505081416413,
          0.1056601207894983,
          0.23773527177637113
        ],
        [
          -9.709463462180152e-18,
          0.5979055263276176,
          0.8015665796344645,
          1.8035248041775453
        ],
        [
          -0.1767170834470639,
          0.7889512755107944,
          -0.5884955032010476,
          -1.324114882202357
        ],
        [
          0.0,
          0.0,
          0.0,
          1.0
        ]
      ]
    },
    {
      "file_path": "rgb/92",
